0031   2   
00322  112 
00323  37  
00324  37  
0064   112 
0074   5   
0202   2   
0203   112 
0204   112 
0205   112 
0212   112 
0221   112 
0223   2   
0310   5   
0312   5   
03283  31  
0362   2   
03682  37  
0380   2   
03810  2   
03811  2   
03812  2   
03819  2   
0382   2   
0383   2   
03840  2   
03841  2   
03842  2   
03843  2   
03844  2   
03849  2   
0388   2   
0389   2   
0391   112 
0400   104 
0402   32  
04082  2   
042    1   
0545   2   
05671  37  
07022  27  
07023  27  
07032  27  
07033  27  
07044  27  
07054  27  
0723   32  
0785   5   
0786   132 
07953  1   
09487  95  
09850  37  
09851  37  
09852  37  
09853  37  
09859  37  
09886  31  
1026   37  
1124   5   
1125   5   
11284  5   
1140   112 
1144   112 
1145   112 
11505  112 
11515  112 
11595  112 
1173   5   
1175   5   
1177   5   
1212   112 
1221   112 
1300   5   
1304   112 
1308   5   
1361   38  
1363   5   
1410   9   
1411   9   
1412   9   
1413   9   
1414   9   
1415   9   
1416   9   
1418   9   
1419   9   
1420   9   
1421   9   
1422   9   
1428   9   
1429   9   
1430   9   
1431   9   
1438   9   
1439   9   
1440   9   
1441   9   
1448   9   
1449   9   
1450   9   
1451   9   
1452   9   
1453   9   
1454   9   
1455   9   
1456   9   
1458   9   
1459   9   
1460   9   
1461   9   
1462   9   
1463   9   
1464   9   
1465   9   
1466   9   
1467   9   
1468   9   
1469   9   
1470   9   
1471   9   
1472   9   
1473   9   
1478   9   
1479   9   
1480   9   
1481   9   
1482   9   
1483   9   
1488   9   
1489   9   
1490   9   
1491   9   
1498   9   
1499   9   
1500   8   
1501   8   
1502   8   
1503   8   
1504   8   
1505   8   
1508   8   
1509   8   
1510   8   
1511   8   
1512   8   
1513   8   
1514   8   
1515   8   
1516   8   
1518   8   
1519   8   
1520   8   
1521   8   
1522   8   
1523   8   
1528   8   
1529   8   
1530   10  
1531   10  
1532   10  
1533   10  
1534   10  
1535   10  
1536   10  
1537   10  
1538   10  
1539   10  
1540   10  
1541   10  
1542   10  
1543   10  
1548   10  
1550   8   
1551   8   
1552   8   
1560   8   
1561   8   
1562   8   
1568   8   
1569   8   
1570   8   
1571   8   
1572   8   
1573   8   
1574   8   
1578   8   
1579   8   
1580   8   
1588   8   
1589   8   
1590   10  
1591   10  
1598   10  
1599   10  
1600   9   
1601   9   
1602   9   
1603   9   
1604   9   
1605   9   
1608   9   
1609   9   
1610   9   
1611   9   
1612   9   
1613   9   
1618   9   
1619   9   
1620   8   
1622   8   
1623   8   
1624   8   
1625   8   
1628   8   
1629   8   
1630   8   
1631   8   
1638   8   
1639   8   
1640   9   
1641   9   
1642   9   
1643   9   
1648   9   
1649   9   
1650   9   
1658   9   
1659   9   
1700   9   
1701   9   
1702   9   
1703   9   
1704   9   
1705   9   
1706   9   
1707   9   
1708   9   
1709   9   
1710   9   
1712   9   
1713   9   
1714   9   
1715   9   
1716   9   
1717   9   
1718   9   
1719   9   
1720   10  
1721   10  
1722   10  
1723   10  
1724   10  
1725   10  
1726   10  
1727   10  
1728   10  
1729   10  
1740   10  
1741   10  
1742   10  
1743   10  
1744   10  
1745   10  
1746   10  
1748   10  
1749   10  
1750   10  
1759   10  
1760   9   
1761   9   
1762   9   
1763   9   
1764   9   
1765   9   
1768   9   
1769   9   
179    10  
1800   10  
1801   10  
1808   10  
1809   10  
181    9   
1820   10  
1821   10  
1828   10  
1830   9   
1832   9   
1833   9   
1834   9   
1835   9   
1838   9   
1839   9   
1840   10  
1841   10  
1842   10  
1843   10  
1844   10  
1848   10  
1849   10  
185    10  
1860   10  
1869   10  
1871   10  
1872   10  
1873   10  
1874   10  
1875   10  
1876   10  
1877   10  
1878   10  
1879   10  
1880   10  
1881   10  
1882   10  
1883   10  
1884   10  
1885   10  
1886   10  
1887   10  
1888   10  
1889   10  
1890   10  
1891   10  
1892   10  
1893   10  
1894   10  
1898   10  
1899   10  
1900   10  
1901   10  
1902   10  
1903   10  
1904   10  
1905   10  
1906   10  
1907   10  
1908   10  
1909   10  
1910   9   
1911   9   
1912   9   
1913   9   
1914   9   
1915   9   
1916   9   
1917   9   
1918   9   
1919   9   
1920   9   
1921   9   
1922   9   
1923   9   
1928   9   
1929   9   
193    10  
1940   9   
1941   10  
1943   9   
1944   9   
1945   10  
1946   10  
1948   10  
1949   10  
1950   10  
1951   10  
1952   10  
1953   10  
1954   10  
1955   10  
1958   10  
1960   7   
1961   7   
1962   7   
1963   7   
1965   7   
1966   7   
1968   7   
1969   7   
1970   7   
1971   7   
1972   7   
1973   7   
1974   7   
1975   7   
1976   7   
1977   7   
1978   7   
1980   7   
1981   7   
1982   7   
1983   7   
1984   7   
1985   7   
1986   7   
1987   7   
19881  7   
19882  7   
19889  7   
1990   7   
1991   10  
1992   10  
20000  9   
20001  9   
20002  9   
20003  9   
20004  9   
20005  9   
20006  9   
20007  9   
20008  9   
20010  9   
20011  9   
20012  9   
20013  9   
20014  9   
20015  9   
20016  9   
20017  9   
20018  9   
20020  9   
20021  9   
20022  9   
20023  9   
20024  9   
20025  9   
20026  9   
20027  9   
20028  9   
20030  9   
20031  9   
20032  9   
20033  9   
20034  9   
20035  9   
20036  9   
20037  9   
20038  9   
20040  9   
20041  9   
20042  9   
20043  9   
20044  9   
20045  9   
20046  9   
20047  9   
20048  9   
20050  9   
20051  9   
20052  9   
20053  9   
20054  9   
20055  9   
20056  9   
20057  9   
20058  9   
20060  9   
20061  9   
20062  9   
20063  9   
20064  9   
20065  9   
20066  9   
20067  9   
20068  9   
20070  9   
20071  9   
20072  9   
20073  9   
20074  9   
20075  9   
20076  9   
20077  9   
20078  9   
20080  9   
20081  9   
20082  9   
20083  9   
20084  9   
20085  9   
20086  9   
20087  9   
20088  9   
20100  9   
20101  9   
20102  9   
20103  9   
20104  9   
20105  9   
20106  9   
20107  9   
20108  9   
20110  9   
20111  9   
20112  9   
20113  9   
20114  9   
20115  9   
20116  9   
20117  9   
20118  9   
20120  9   
20121  9   
20122  9   
20123  9   
20124  9   
20125  9   
20126  9   
20127  9   
20128  9   
20140  9   
20141  9   
20142  9   
20143  9   
20144  9   
20145  9   
20146  9   
20147  9   
20148  9   
20150  9   
20151  9   
20152  9   
20153  9   
20154  9   
20155  9   
20156  9   
20157  9   
20158  9   
20160  9   
20161  9   
20162  9   
20163  9   
20164  9   
20165  9   
20166  9   
20167  9   
20168  9   
20170  9   
20171  9   
20172  9   
20173  9   
20174  9   
20175  9   
20176  9   
20177  9   
20178  9   
20190  9   
20191  9   
20192  9   
20193  9   
20194  9   
20195  9   
20196  9   
20197  9   
20198  9   
20200  9   
20201  9   
20202  9   
20203  9   
20204  9   
20205  9   
20206  9   
20207  9   
20208  9   
20210  9   
20211  9   
20212  9   
20213  9   
20214  9   
20215  9   
20216  9   
20217  9   
20218  9   
20220  9   
20221  9   
20222  9   
20223  9   
20224  9   
20225  9   
20226  9   
20227  9   
20228  9   
20230  9   
20231  9   
20232  9   
20233  9   
20234  9   
20235  9   
20236  9   
20237  9   
20238  9   
20240  9   
20241  9   
20242  9   
20243  9   
20244  9   
20245  9   
20246  9   
20247  9   
20248  9   
20250  9   
20251  9   
20252  9   
20253  9   
20254  9   
20255  9   
20256  9   
20257  9   
20258  9   
20260  9   
20261  9   
20262  9   
20263  9   
20264  9   
20265  9   
20266  9   
20267  9   
20268  9   
20270  9   
20271  9   
20272  9   
20273  9   
20274  9   
20275  9   
20276  9   
20277  9   
20278  9   
20280  9   
20281  9   
20282  9   
20283  9   
20284  9   
20285  9   
20286  9   
20287  9   
20288  9   
20290  9   
20291  9   
20292  9   
20293  9   
20294  9   
20295  9   
20296  9   
20297  9   
20298  9   
20300  9   
20301  9   
20302  9   
20310  9   
20311  9   
20312  9   
20380  9   
20381  9   
20382  9   
20400  7   
20401  7   
20402  7   
20410  9   
20411  9   
20412  9   
20420  9   
20421  9   
20422  9   
20480  9   
20481  9   
20482  9   
20490  9   
20491  9   
20492  9   
20500  7   
20501  7   
20502  7   
20510  8   
20511  8   
20512  8   
20520  8   
20521  8   
20522  8   
20530  8   
20531  8   
20532  8   
20580  8   
20581  8   
20582  8   
20590  8   
20591  8   
20592  8   
20600  7   
20601  7   
20602  7   
20610  8   
20611  8   
20612  8   
20620  8   
20621  8   
20622  8   
20680  8   
20681  8   
20682  8   
20690  8   
20691  8   
20692  8   
20700  7   
20701  7   
20702  7   
20710  8   
20711  8   
20712  8   
20720  8   
20721  8   
20722  8   
20780  8   
20781  8   
20782  8   
20800  7   
20801  7   
20802  7   
20810  9   
20811  9   
20812  9   
20820  9   
20821  9   
20822  9   
20880  9   
20881  9   
20882  9   
20890  9   
20891  9   
20892  9   
20900  10  
20901  10  
20902  10  
20903  10  
20910  10  
20911  10  
20912  10  
20913  10  
20914  10  
20915  10  
20916  10  
20917  10  
20920  10  
20921  10  
20922  10  
20923  10  
20924  10  
20925  10  
20926  10  
20927  10  
20929  10  
20930  10  
20931  10  
20932  10  
20933  10  
20934  10  
20935  10  
20936  10  
20970  7   
20971  7   
20972  7   
20973  7   
20974  7   
20975  7   
20979  7   
2250   10  
2251   10  
2252   10  
2253   10  
2254   10  
2258   10  
2259   10  
2273   10  
2274   10  
22802  10  
2370   10  
2371   10  
2373   10  
2375   10  
2376   10  
23770  10  
23771  10  
23772  10  
23773  10  
23779  10  
2379   10  
23872  44  
23873  44  
23874  44  
23875  44  
2396   10  
24900  19  
24901  19  
24910  17  
24911  17  
24920  17  
24921  17  
24930  17  
24931  17  
24940  15  
24941  15  
24950  18  
24951  18  
24960  16  
24961  16  
24970  15  
24971  15  
24980  16  
24981  16  
24990  18  
24991  18  
25000  19  
25001  19  
25002  19  
25003  19  
25010  17  
25011  17  
25012  17  
25013  17  
25020  17  
25021  17  
25022  17  
25023  17  
25030  17  
25031  17  
25032  17  
25033  17  
25040  15  
25041  15  
25042  15  
25043  15  
25050  18  
25051  18  
25052  18  
25053  18  
25060  16  
25061  16  
25062  16  
25063  16  
25070  15  
25071  15  
25072  15  
25073  15  
25080  16  
25081  16  
25082  16  
25083  16  
25090  18  
25091  18  
25092  18  
25093  18  
2514   32  
2515   32  
2518   32  
2519   32  
2592   10  
260    21  
261    21  
262    21  
2630   21  
2631   21  
2632   21  
2638   21  
2639   21  
27700  107 
27701  107 
27702  107 
27703  107 
27709  107 
27900  45  
27901  45  
27902  45  
27903  45  
27904  45  
27905  45  
27906  45  
27909  45  
27910  45  
27911  45  
27912  45  
27913  45  
27919  45  
2792   45  
2793   45  
27941  45  
27949  45  
27950  45  
27951  45  
27952  45  
27953  45  
2798   45  
2799   45  
28241  44  
28242  44  
28260  44  
28261  44  
28262  44  
28263  44  
28264  44  
28268  44  
28269  44  
2830   44  
28310  44  
28311  44  
28319  44  
2832   44  
2839   44  
28401  44  
28409  44  
2841   44  
28411  45  
28412  45  
28419  45  
2842   44  
28481  44  
28489  44  
2849   44  
2860   44  
2861   44  
28800  45  
28801  45  
28802  45  
28803  45  
28804  45  
28809  45  
2881   45  
2882   45  
2884   45  
28952  44  
2910   51  
2911   51  
2912   51  
2913   51  
2914   51  
2915   51  
29181  51  
29182  51  
29189  51  
2919   51  
2920   51  
29211  51  
29212  51  
2922   51  
29281  51  
29282  51  
29283  51  
29284  51  
29285  51  
29289  51  
2929   51  
29500  54  
29501  54  
29502  54  
29503  54  
29504  54  
29505  54  
29510  54  
29511  54  
29512  54  
29513  54  
29514  54  
29515  54  
29520  54  
29521  54  
29522  54  
29523  54  
29524  54  
29525  54  
29530  54  
29531  54  
29532  54  
29533  54  
29534  54  
29535  54  
29540  54  
29541  54  
29542  54  
29543  54  
29544  54  
29545  54  
29550  54  
29551  54  
29552  54  
29553  54  
29554  54  
29555  54  
29560  54  
29561  54  
29562  54  
29563  54  
29564  54  
29565  54  
29570  54  
29571  54  
29572  54  
29573  54  
29574  54  
29575  54  
29580  54  
29581  54  
29582  54  
29583  54  
29584  54  
29585  54  
29590  54  
29591  54  
29592  54  
29593  54  
29594  54  
29595  54  
29600  55  
29601  55  
29602  55  
29603  55  
29604  55  
29605  55  
29606  55  
29610  55  
29611  55  
29612  55  
29613  55  
29614  55  
29615  55  
29616  55  
29620  55  
29621  55  
29622  55  
29623  55  
29624  55  
29625  55  
29626  55  
29630  55  
29631  55  
29632  55  
29633  55  
29634  55  
29635  55  
29636  55  
29640  55  
29641  55  
29642  55  
29643  55  
29644  55  
29645  55  
29646  55  
29650  55  
29651  55  
29652  55  
29653  55  
29654  55  
29655  55  
29656  55  
29660  55  
29661  55  
29662  55  
29663  55  
29664  55  
29665  55  
29666  55  
2967   55  
29680  55  
29681  55  
29682  55  
29689  55  
29690  55  
29699  55  
2970   55  
2971   55  
2972   55  
2973   55  
2978   55  
2979   55  
30300  52  
30301  52  
30302  52  
30303  52  
30390  52  
30391  52  
30392  52  
30393  52  
30400  52  
30401  52  
30402  52  
30403  52  
30410  52  
30411  52  
30412  52  
30413  52  
30420  52  
30421  52  
30422  52  
30423  52  
30430  52  
30431  52  
30432  52  
30433  52  
30440  52  
30441  52  
30442  52  
30443  52  
30450  52  
30451  52  
30452  52  
30453  52  
30460  52  
30461  52  
30462  52  
30463  52  
30470  52  
30471  52  
30472  52  
30473  52  
30480  52  
30481  52  
30482  52  
30483  52  
30490  52  
30491  52  
30492  52  
30493  52  
3210   5   
3320   73  
3321   73  
3330   73  
3334   73  
33371  101 
3340   69  
3341   69  
3342   69  
3343   69  
3344   69  
3348   69  
3349   69  
3350   67  
33510  67  
33511  67  
33519  67  
33520  67  
33521  67  
33522  67  
33523  67  
33524  67  
33529  67  
3358   67  
3359   67  
3360   69  
3361   69  
3362   69  
3363   69  
3368   69  
3369   69  
33700  71  
33709  71  
3371   71  
33720  71  
33721  71  
33722  71  
33729  71  
3373   71  
3379   71  
340    72  
3410   72  
3411   72  
3418   72  
3419   72  
34200  100 
34201  100 
34202  100 
34210  100 
34211  100 
34212  100 
34280  100 
34281  100 
34282  100 
34290  100 
34291  100 
34292  100 
3430   68  
3431   100 
3432   67  
3433   101 
3434   100 
3438   101 
3439   101 
34400  67  
34401  67  
34402  67  
34403  67  
34404  67  
34409  67  
3441   68  
3442   101 
34430  101 
34431  101 
34432  101 
34440  101 
34441  101 
34442  101 
3445   101 
34460  69  
34461  69  
34481  67  
34489  101 
3449   101 
34500  74  
34501  74  
34510  74  
34511  74  
3452   74  
3453   74  
34540  74  
34541  74  
34550  74  
34551  74  
34560  74  
34561  74  
34570  74  
34571  74  
34580  74  
34581  74  
34590  74  
34591  74  
3481   75  
3484   75  
3485   75  
3491   164 
3536   177 
3560   71  
3561   71  
3562   71  
3563   71  
3564   71  
3568   71  
3569   71  
3570   71  
3571   71  
3572   71  
3573   71  
3574   71  
3575   71  
3576   71  
3577   71  
35781  71  
35782  71  
35789  71  
3579   71  
35800  71  
35801  71  
3581   71  
3582   71  
35830  71  
35831  71  
35839  71  
3588   71  
3589   71  
3590   70  
3591   70  
35921  70  
35922  71  
35923  71  
35924  71  
35929  71  
3593   71  
3594   71  
3595   71  
3596   71  
35971  71  
35979  71  
35981  71  
35989  71  
3599   71  
36202  119 
37923  119 
40201  80  
40211  80  
40291  80  
40301  131 
40311  131 
40391  131 
40401  80  
40402  131 
40403  131 
40411  80  
40412  131 
40413  131 
40491  80  
40492  131 
40493  131 
41000  82  
41001  81  
41002  82  
41010  82  
41011  81  
41012  82  
41020  82  
41021  81  
41022  82  
41030  82  
41031  81  
41032  82  
41040  82  
41041  81  
41042  82  
41050  82  
41051  81  
41052  82  
41060  82  
41061  81  
41062  82  
41070  82  
41071  81  
41072  82  
41080  82  
41081  81  
41082  82  
41090  82  
41091  81  
41092  82  
4110   82  
4111   82  
41181  82  
41189  82  
412    83  
4130   83  
4131   83  
4139   83  
4150   80  
41511  104 
41512  104 
41513  104 
41519  104 
4160   80  
4161   80  
4162   104 
4168   80  
4169   80  
4170   80  
4171   80  
4178   80  
4179   80  
4250   80  
4251   80  
42511  80  
42518  80  
4252   80  
4253   80  
4254   80  
4255   80  
4257   80  
4258   80  
4259   80  
4260   92  
4270   92  
4271   92  
4272   92  
42731  92  
42732  92  
42741  79  
42742  79  
4275   79  
42781  92  
4280   80  
4281   80  
42820  80  
42821  80  
42822  80  
42823  80  
42830  80  
42831  80  
42832  80  
42833  80  
42840  80  
42841  80  
42842  80  
42843  80  
4289   80  
4290   80  
4291   80  
4295   81  
4296   81  
430    95  
431    95  
4320   95  
4321   95  
4329   95  
43301  96  
43311  96  
43321  96  
43331  96  
43381  96  
43391  96  
43401  96  
43411  96  
43491  96  
436    96  
43820  100 
43821  100 
43822  100 
43830  101 
43831  101 
43832  101 
43840  101 
43841  101 
43842  101 
43850  101 
43851  101 
43852  101 
43853  101 
4400   105 
4401   105 
44020  105 
44021  105 
44022  105 
44023  104 
44024  104 
44029  105 
44030  105 
44031  105 
44032  105 
4404   105 
44100  104 
44101  104 
44102  104 
44103  104 
4411   104 
4412   105 
4413   104 
4414   105 
4415   104 
4416   104 
4417   105 
4419   105 
4420   105 
4421   105 
4422   105 
4423   105 
44281  105 
44282  105 
44283  105 
44284  105 
44289  105 
4429   105 
4431   105 
44321  104 
44322  104 
44323  104 
44324  104 
44329  104 
44381  105 
44382  105 
44389  105 
4439   105 
4440   104 
44401  104 
44409  104 
4441   104 
44421  104 
44422  104 
44481  104 
44489  104 
4449   104 
44501  104 
44502  104 
44581  104 
44589  104 
4460   38  
4461   38  
44620  38  
44621  38  
44629  38  
4463   38  
4464   38  
4465   38  
4466   38  
4467   38  
4470   105 
4471   105 
4472   105 
4473   105 
4474   105 
4475   105 
4476   105 
44770  105 
44771  105 
44772  105 
44773  105 
4478   105 
4479   105 
4480   105 
449    104 
45111  105 
45119  105 
45181  105 
45183  105 
4530   105 
4532   105 
4533   105 
45340  105 
45341  105 
45342  105 
45350  105 
45351  105 
45352  105 
45372  105 
45374  105 
45375  105 
45376  105 
45377  105 
45382  105 
45384  105 
45385  105 
45386  105 
45387  105 
4560   25  
4561   25  
45620  25  
45621  25  
481    112 
4820   111 
4821   111 
4822   112 
48230  112 
48231  112 
48232  112 
48239  112 
48240  111 
48241  111 
48242  111 
48249  111 
48281  111 
48282  111 
48283  111 
48284  111 
48289  111 
4841   5   
4846   112 
4847   112 
4910   108 
4911   108 
49120  108 
49121  108 
49122  108 
4918   108 
4919   108 
4920   108 
4928   108 
49320  108 
49321  108 
49322  108 
496    108 
5070   111 
5071   111 
5078   111 
5100   112 
5109   112 
5130   112 
5131   112 
5173   44  
5181   108 
5182   108 
5184   79  
5185   79  
51851  79  
51852  79  
51853  79  
51881  79  
51882  79  
51883  79  
51884  79  
51900  77  
51901  77  
51902  77  
51909  77  
53086  176 
53087  176 
53110  31  
53111  31  
53120  31  
53121  31  
53150  31  
53151  31  
53160  31  
53161  31  
53210  31  
53211  31  
53220  31  
53221  31  
53250  31  
53251  31  
53260  31  
53261  31  
53310  31  
53311  31  
53320  31  
53321  31  
53350  31  
53351  31  
53360  31  
53361  31  
53410  31  
53411  31  
53420  31  
53421  31  
53450  31  
53451  31  
53460  31  
53461  31  
53640  176 
53641  176 
53642  176 
53649  176 
5550   33  
5551   33  
5552   33  
5559   33  
5560   33  
5561   33  
5562   33  
5563   33  
5564   33  
5565   33  
5566   33  
5568   33  
5569   33  
5570   104 
5571   105 
5579   105 
5600   31  
5601   31  
5602   31  
56030  31  
56031  31  
56032  31  
56039  31  
56081  31  
56089  31  
5609   31  
5670   31  
5671   31  
56721  31  
56722  31  
56723  31  
56729  31  
56731  31  
56738  31  
56739  31  
56781  31  
56782  31  
56789  31  
5679   31  
56960  176 
56961  176 
56962  176 
56969  176 
56971  176 
56979  176 
56983  31  
5712   26  
5713   26  
57140  27  
57141  27  
57142  27  
57149  27  
5715   26  
5716   26  
5722   25  
5723   25  
5724   25  
5728   25  
5735   25  
5770   32  
5771   32  
5772   32  
5778   32  
5779   32  
5790   32  
5791   32  
5792   32  
5793   32  
5794   32  
5798   32  
5799   32  
5800   132 
5804   132 
58081  132 
58089  132 
5809   132 
5810   132 
5811   132 
5812   132 
5813   132 
58181  132 
58189  132 
5819   132 
5820   132 
5821   132 
5822   132 
5824   132 
58281  132 
58289  132 
5829   132 
5830   132 
5831   132 
5832   132 
5834   132 
5836   132 
5837   132 
58381  132 
58389  132 
5839   132 
5845   131 
5846   131 
5847   131 
5848   131 
5849   131 
5851   131 
5852   131 
5853   131 
5854   131 
5855   131 
5856   131 
5859   131 
586    131 
59381  104 
59681  164 
59682  164 
59683  164 
62931  164 
70700  148 
70701  148 
70702  148 
70703  148 
70704  148 
70705  148 
70706  148 
70707  148 
70709  148 
70710  149 
70711  149 
70712  149 
70713  149 
70714  149 
70715  149 
70719  149 
70720  148 
70721  148 
70722  148 
70723  148 
70724  148 
70725  148 
7078   149 
7079   149 
7100   38  
7101   38  
7102   38  
7103   38  
7104   38  
7105   38  
7108   38  
7109   38  
71100  37  
71101  37  
71102  37  
71103  37  
71104  37  
71105  37  
71106  37  
71107  37  
71108  37  
71109  37  
71110  37  
71111  37  
71112  37  
71113  37  
71114  37  
71115  37  
71116  37  
71117  37  
71118  37  
71119  37  
71120  37  
71121  37  
71122  37  
71123  37  
71124  37  
71125  37  
71126  37  
71127  37  
71128  37  
71129  37  
71130  37  
71131  37  
71132  37  
71133  37  
71134  37  
71135  37  
71136  37  
71137  37  
71138  37  
71139  37  
71140  37  
71141  37  
71142  37  
71143  37  
71144  37  
71145  37  
71146  37  
71147  37  
71148  37  
71149  37  
71150  37  
71151  37  
71152  37  
71153  37  
71154  37  
71155  37  
71156  37  
71157  37  
71158  37  
71159  37  
71160  37  
71161  37  
71162  37  
71163  37  
71164  37  
71165  37  
71166  37  
71167  37  
71168  37  
71169  37  
71170  37  
71171  37  
71172  37  
71173  37  
71174  37  
71175  37  
71176  37  
71177  37  
71178  37  
71179  37  
71180  37  
71181  37  
71182  37  
71183  37  
71184  37  
71185  37  
71186  37  
71187  37  
71188  37  
71189  37  
71190  37  
71191  37  
71192  37  
71193  37  
71194  37  
71195  37  
71196  37  
71197  37  
71198  37  
71199  37  
7140   38  
7141   38  
7142   38  
71430  38  
71431  38  
71432  38  
71433  38  
7144   38  
71481  38  
71489  38  
7149   38  
7200   38  
7201   38  
7202   38  
72081  38  
72089  38  
7209   38  
725    38  
72886  37  
73000  37  
73001  37  
73002  37  
73003  37  
73004  37  
73005  37  
73006  37  
73007  37  
73008  37  
73009  37  
73010  37  
73011  37  
73012  37  
73013  37  
73014  37  
73015  37  
73016  37  
73017  37  
73018  37  
73019  37  
73020  37  
73021  37  
73022  37  
73023  37  
73024  37  
73025  37  
73026  37  
73027  37  
73028  37  
73029  37  
73030  37  
73031  37  
73032  37  
73033  37  
73034  37  
73035  37  
73036  37  
73037  37  
73038  37  
73039  37  
73070  37  
73071  37  
73072  37  
73073  37  
73074  37  
73075  37  
73076  37  
73077  37  
73078  37  
73079  37  
73080  37  
73081  37  
73082  37  
73083  37  
73084  37  
73085  37  
73086  37  
73087  37  
73088  37  
73089  37  
73090  37  
73091  37  
73092  37  
73093  37  
73094  37  
73095  37  
73096  37  
73097  37  
73098  37  
73099  37  
73313  157 
73314  158 
73315  158 
73340  37  
73341  37  
73342  37  
73343  37  
73344  37  
73345  37  
73349  37  
7400   69  
7401   69  
7402   69  
74100  69  
74101  69  
74102  69  
74103  69  
74190  69  
74191  69  
74192  69  
74193  69  
7420   69  
7421   69  
7422   69  
7423   69  
7424   69  
74251  69  
74253  69  
74259  69  
7428   69  
7429   69  
75314  131 
7595   10  
7596   10  
77181  2   
78001  75  
78003  75  
78031  74  
78032  74  
78033  74  
78039  74  
78072  67  
7854   104 
78550  79  
78551  79  
78552  2   
78559  2   
7980   79  
7981   79  
7982   79  
7989   79  
79901  79  
79902  79  
7991   78  
7994   21  
80000  155 
80001  155 
80002  155 
80003  154 
80004  154 
80005  154 
80006  155 
80009  155 
80010  155 
80011  155 
80012  155 
80013  154 
80014  154 
80015  154 
80016  155 
80019  155 
80020  155 
80021  155 
80022  155 
80023  154 
80024  154 
80025  154 
80026  155 
80029  155 
80030  155 
80031  155 
80032  155 
80033  154 
80034  154 
80035  154 
80036  155 
80039  155 
80040  155 
80041  155 
80042  155 
80043  154 
80044  154 
80045  154 
80046  155 
80049  155 
80050  155 
80051  155 
80052  155 
80053  154 
80054  154 
80055  154 
80056  155 
80059  155 
80060  155 
80061  155 
80062  155 
80063  154 
80064  154 
80065  154 
80066  155 
80069  155 
80070  155 
80071  155 
80072  155 
80073  154 
80074  154 
80075  154 
80076  155 
80079  155 
80080  155 
80081  155 
80082  155 
80083  154 
80084  154 
80085  154 
80086  155 
80089  155 
80090  155 
80091  155 
80092  155 
80093  154 
80094  154 
80095  154 
80096  155 
80099  155 
80100  155 
80101  155 
80102  155 
80103  154 
80104  154 
80105  154 
80106  155 
80109  155 
80110  155 
80111  155 
80112  155 
80113  154 
80114  154 
80115  154 
80116  155 
80119  155 
80120  155 
80121  155 
80122  155 
80123  154 
80124  154 
80125  154 
80126  155 
80129  155 
80130  155 
80131  155 
80132  155 
80133  154 
80134  154 
80135  154 
80136  155 
80139  155 
80140  155 
80141  155 
80142  155 
80143  154 
80144  154 
80145  154 
80146  155 
80149  155 
80150  155 
80151  155 
80152  155 
80153  154 
80154  154 
80155  154 
80156  155 
80159  155 
80160  155 
80161  155 
80162  155 
80163  154 
80164  154 
80165  154 
80166  155 
80169  155 
80170  155 
80171  155 
80172  155 
80173  154 
80174  154 
80175  154 
80176  155 
80179  155 
80180  155 
80181  155 
80182  155 
80183  154 
80184  154 
80185  154 
80186  155 
80189  155 
80190  155 
80191  155 
80192  155 
80193  154 
80194  154 
80195  154 
80196  155 
80199  155 
80220  155 
80221  155 
80222  155 
80223  155 
80224  155 
80225  155 
80226  155 
80227  155 
80228  155 
80229  155 
80230  155 
80231  155 
80232  155 
80233  155 
80234  155 
80235  155 
80236  155 
80237  155 
80238  155 
80239  155 
8024   155 
8025   155 
8026   155 
8027   155 
8028   155 
8029   155 
80300  155 
80301  155 
80302  155 
80303  154 
80304  154 
80305  154 
80306  155 
80309  155 
80310  155 
80311  155 
80312  155 
80313  154 
80314  154 
80315  154 
80316  155 
80319  155 
80320  155 
80321  155 
80322  155 
80323  154 
80324  154 
80325  154 
80326  155 
80329  155 
80330  155 
80331  155 
80332  155 
80333  154 
80334  154 
80335  154 
80336  155 
80339  155 
80340  155 
80341  155 
80342  155 
80343  154 
80344  154 
80345  154 
80346  155 
80349  155 
80350  155 
80351  155 
80352  155 
80353  154 
80354  154 
80355  154 
80356  155 
80359  155 
80360  155 
80361  155 
80362  155 
80363  154 
80364  154 
80365  154 
80366  155 
80369  155 
80370  155 
80371  155 
80372  155 
80373  154 
80374  154 
80375  154 
80376  155 
80379  155 
80380  155 
80381  155 
80382  155 
80383  154 
80384  154 
80385  154 
80386  155 
80389  155 
80390  155 
80391  155 
80392  155 
80393  154 
80394  154 
80395  154 
80396  155 
80399  155 
80400  155 
80401  155 
80402  155 
80403  154 
80404  154 
80405  154 
80406  155 
80409  155 
80410  155 
80411  155 
80412  155 
80413  154 
80414  154 
80415  154 
80416  155 
80419  155 
80420  155 
80421  155 
80422  155 
80423  154 
80424  154 
80425  154 
80426  155 
80429  155 
80430  155 
80431  155 
80432  155 
80433  154 
80434  154 
80435  154 
80436  155 
80439  155 
80440  155 
80441  155 
80442  155 
80443  154 
80444  154 
80445  154 
80446  155 
80449  155 
80450  155 
80451  155 
80452  155 
80453  154 
80454  154 
80455  154 
80456  155 
80459  155 
80460  155 
80461  155 
80462  155 
80463  154 
80464  154 
80465  154 
80466  155 
80469  155 
80470  155 
80471  155 
80472  155 
80473  154 
80474  154 
80475  154 
80476  155 
80479  155 
80480  155 
80481  155 
80482  155 
80483  154 
80484  154 
80485  154 
80486  155 
80489  155 
80490  155 
80491  155 
80492  155 
80493  154 
80494  154 
80495  154 
80496  155 
80499  155 
80500  157 
80501  157 
80502  157 
80503  157 
80504  157 
80505  157 
80506  157 
80507  157 
80508  157 
80510  157 
80511  157 
80512  157 
80513  157 
80514  157 
80515  157 
80516  157 
80517  157 
80518  157 
8052   157 
8053   157 
8054   157 
8055   157 
8056   157 
8057   157 
8058   157 
8059   157 
80600  69  
80601  67  
80602  69  
80603  69  
80604  69  
80605  69  
80606  67  
80607  69  
80608  69  
80609  69  
80610  69  
80611  67  
80612  69  
80613  69  
80614  69  
80615  69  
80616  67  
80617  69  
80618  69  
80619  69  
80620  69  
80621  68  
80622  69  
80623  69  
80624  69  
80625  69  
80626  68  
80627  69  
80628  69  
80629  69  
80630  69  
80631  68  
80632  69  
80633  69  
80634  69  
80635  69  
80636  68  
80637  69  
80638  69  
80639  69  
8064   69  
8065   69  
80660  69  
80661  69  
80662  69  
80669  69  
80670  69  
80671  69  
80672  69  
80679  69  
8068   69  
8069   69  
8080   158 
8081   158 
8082   158 
8083   158 
80841  158 
80842  158 
80843  158 
80844  158 
80849  158 
80851  158 
80852  158 
80853  158 
80854  158 
80859  158 
8088   158 
8089   158 
82000  158 
82001  158 
82002  158 
82003  158 
82009  158 
82010  158 
82011  158 
82012  158 
82013  158 
82019  158 
82020  158 
82021  158 
82022  158 
82030  158 
82031  158 
82032  158 
8208   158 
8209   158 
82100  158 
82101  158 
82110  158 
82111  158 
82120  158 
82121  158 
82122  158 
82123  158 
82129  158 
82130  158 
82131  158 
82132  158 
82133  158 
82139  158 
83500  158 
83501  158 
83502  158 
83503  158 
83510  158 
83511  158 
83512  158 
83513  158 
8502   155 
8503   155 
8504   155 
85100  155 
85101  155 
85102  155 
85103  154 
85104  154 
85105  154 
85106  155 
85109  155 
85110  155 
85111  155 
85112  155 
85113  154 
85114  154 
85115  154 
85116  155 
85119  155 
85120  155 
85121  155 
85122  155 
85123  154 
85124  154 
85125  154 
85126  155 
85129  155 
85130  155 
85131  155 
85132  155 
85133  154 
85134  154 
85135  154 
85136  155 
85139  155 
85140  155 
85141  155 
85142  155 
85143  154 
85144  154 
85145  154 
85146  155 
85149  155 
85150  155 
85151  155 
85152  155 
85153  154 
85154  154 
85155  154 
85156  155 
85159  155 
85160  155 
85161  155 
85162  155 
85163  154 
85164  154 
85165  154 
85166  155 
85169  155 
85170  155 
85171  155 
85172  155 
85173  154 
85174  154 
85175  154 
85176  155 
85179  155 
85180  155 
85181  155 
85182  155 
85183  154 
85184  154 
85185  154 
85186  155 
85189  155 
85190  155 
85191  155 
85192  155 
85193  154 
85194  154 
85195  154 
85196  155 
85199  155 
85200  155 
85201  155 
85202  155 
85203  154 
85204  154 
85205  154 
85206  155 
85209  155 
85210  155 
85211  155 
85212  155 
85213  154 
85214  154 
85215  154 
85216  155 
85219  155 
85220  155 
85221  155 
85222  155 
85223  154 
85224  154 
85225  154 
85226  155 
85229  155 
85230  155 
85231  155 
85232  155 
85233  154 
85234  154 
85235  154 
85236  155 
85239  155 
85240  155 
85241  155 
85242  155 
85243  154 
85244  154 
85245  154 
85246  155 
85249  155 
85250  155 
85251  155 
85252  155 
85253  154 
85254  154 
85255  154 
85256  155 
85259  155 
85300  155 
85301  155 
85302  155 
85303  154 
85304  154 
85305  154 
85306  155 
85309  155 
85310  155 
85311  155 
85312  155 
85313  154 
85314  154 
85315  154 
85316  155 
85319  155 
85400  155 
85401  155 
85402  155 
85403  154 
85404  154 
85405  154 
85406  155 
85409  155 
85410  155 
85411  155 
85412  155 
85413  154 
85414  154 
85415  154 
85416  155 
85419  155 
8870   161 
8871   161 
8872   161 
8873   161 
8874   161 
8875   161 
8876   161 
8877   161 
8950   161 
8951   161 
8960   161 
8961   161 
8962   161 
8963   161 
8970   161 
8971   161 
8972   161 
8973   161 
8974   161 
8975   161 
8976   161 
8977   161 
9050   155 
9059   177 
9070   155 
9072   69  
94811  150 
94821  150 
94822  150 
94831  150 
94832  150 
94833  150 
94841  150 
94842  150 
94843  150 
94844  150 
94851  150 
94852  150 
94853  150 
94854  150 
94855  150 
94861  150 
94862  150 
94863  150 
94864  150 
94865  150 
94866  150 
94871  150 
94872  150 
94873  150 
94874  150 
94875  150 
94876  150 
94877  150 
94881  150 
94882  150 
94883  150 
94884  150 
94885  150 
94886  150 
94887  150 
94888  150 
94891  150 
94892  150 
94893  150 
94894  150 
94895  150 
94896  150 
94897  150 
94898  150 
94899  150 
95200  69  
95201  67  
95202  69  
95203  69  
95204  69  
95205  69  
95206  67  
95207  69  
95208  69  
95209  69  
95210  69  
95211  68  
95212  69  
95213  69  
95214  69  
95215  69  
95216  68  
95217  69  
95218  69  
95219  69  
9522   69  
9523   69  
9524   69  
9528   69  
9529   69  
9580   164 
9581   164 
9582   164 
9583   164 
9584   164 
9585   164 
9586   164 
9587   164 
9588   164 
95890  164 
95891  164 
95892  164 
95893  164 
95899  164 
99600  164 
99601  164 
99602  164 
99603  164 
99604  164 
99609  164 
9961   164 
9962   164 
99630  164 
99631  164 
99632  164 
99639  164 
99640  164 
99641  164 
99642  164 
99643  164 
99644  164 
99645  164 
99646  164 
99647  164 
99649  164 
99651  164 
99652  164 
99653  164 
99654  164 
99655  164 
99656  130 
99657  164 
99659  164 
99660  164 
99661  164 
99662  164 
99663  164 
99664  164 
99665  164 
99666  164 
99667  164 
99668  130 
99669  164 
99670  164 
99671  164 
99672  164 
99673  130 
99674  164 
99675  164 
99676  164 
99677  164 
99678  164 
99679  164 
99682  174 
99683  174 
99684  174 
99685  174 
99686  174 
99687  174 
99688  174 
99690  161 
99691  161 
99692  161 
99693  161 
99694  161 
99695  161 
99696  161 
99699  161 
99700  164 
99701  164 
99702  164 
99709  164 
9971   164 
9972   164 
99731  164 
99732  164 
99739  164 
9974   164 
99749  164 
9975   164 
99760  177 
99761  177 
99762  177 
99769  177 
99771  164 
99772  164 
99779  164 
9980   164 
99800  164 
99801  79  
99802  2   
99809  164 
9986   164 
E9500  55  
E9501  55  
E9502  55  
E9503  55  
E9504  55  
E9505  55  
E9506  55  
E9507  55  
E9508  55  
E9509  55  
E9510  55  
E9511  55  
E9518  55  
E9520  55  
E9521  55  
E9528  55  
E9529  55  
E9530  55  
E9531  55  
E9538  55  
E9539  55  
E954   55  
E9550  55  
E9551  55  
E9552  55  
E9553  55  
E9554  55  
E9555  55  
E9556  55  
E9557  55  
E9559  55  
E956   55  
E9570  55  
E9571  55  
E9572  55  
E9579  55  
E9580  55  
E9581  55  
E9582  55  
E9583  55  
E9584  55  
E9585  55  
E9586  55  
E9587  55  
E9588  55  
E9589  55  
E959   55  
V08    1   
V421   174 
V426   174 
V427   174 
V4281  174 
V4282  174 
V4283  174 
V4284  174 
V4321  174 
V4322  174 
V440   77  
V441   176 
V442   176 
V443   176 
V444   176 
V4450  176 
V4451  176 
V4452  176 
V4459  176 
V446   176 
V448   176 
V449   176 
V4511  130 
V4512  130 
V4611  77  
V4612  77  
V4613  77  
V4614  77  
V4970  177 
V4971  177 
V4972  177 
V4973  177 
V4974  177 
V4975  177 
V4976  177 
V4977  177 
V521   177 
V550   77  
V551   176 
V552   176 
V553   176 
V554   176 
V555   176 
V556   176 
V558   176 
V559   176 
V560   130 
V561   130 
V562   130 
V5631  130 
V5632  130 
V568   130 
V5867  19  
