0031   2   
00322  115 
00323  39  
00324  39  
0064   115 
0074   6   
0202   2   
0203   115 
0204   115 
0205   115 
0212   115 
0221   115 
0223   2   
0310   6   
0312   6   
03283  33  
0362   2   
0363   23  
03682  39  
0380   2   
03810  2   
03811  2   
03812  2   
03819  2   
0382   2   
0383   2   
03840  2   
03841  2   
03842  2   
03843  2   
03844  2   
03849  2   
0388   2   
0389   2   
0391   115 
0400   106 
04082  2   
042    1   
0522   72  
05314  72  
0545   2   
05474  72  
05671  39  
07022  29  
07023  29  
07032  29  
07033  29  
07044  29  
07054  29  
0785   6   
07953  1   
09487  99  
09850  39  
09851  39  
09852  39  
09853  39  
09859  39  
09886  33  
0993   40  
1026   39  
1124   6   
1125   6   
11284  6   
1140   115 
1144   115 
1145   115 
11505  115 
11515  115 
11595  115 
1173   6   
1175   6   
1177   6   
118    6   
1212   115 
1221   115 
1300   6   
1304   6   
1308   6   
135    112 
1361   40  
1363   6   
1410   11  
1411   11  
1412   11  
1413   11  
1414   11  
1415   11  
1416   11  
1418   11  
1419   11  
1420   11  
1421   11  
1422   11  
1428   11  
1429   11  
1430   11  
1431   11  
1438   11  
1439   11  
1440   11  
1441   11  
1448   11  
1449   11  
1450   11  
1451   11  
1452   11  
1453   11  
1454   11  
1455   11  
1456   11  
1458   11  
1459   11  
1460   11  
1461   11  
1462   11  
1463   11  
1464   11  
1465   11  
1466   11  
1467   11  
1468   11  
1469   11  
1470   11  
1471   11  
1472   11  
1473   11  
1478   11  
1479   11  
1480   11  
1481   11  
1482   11  
1483   11  
1488   11  
1489   11  
1490   11  
1491   11  
1498   11  
1499   11  
1500   9   
1501   9   
1502   9   
1503   9   
1504   9   
1505   9   
1508   9   
1509   9   
1510   9   
1511   9   
1512   9   
1513   9   
1514   9   
1515   9   
1516   9   
1518   9   
1519   9   
1520   9   
1521   9   
1522   9   
1523   9   
1528   9   
1529   9   
1530   11  
1531   11  
1532   11  
1533   11  
1534   11  
1535   11  
1536   11  
1537   11  
1538   11  
1539   11  
1540   11  
1541   11  
1542   11  
1543   11  
1548   11  
1550   9   
1551   9   
1552   9   
1560   9   
1561   9   
1562   9   
1568   9   
1569   9   
1570   9   
1571   9   
1572   9   
1573   9   
1574   9   
1578   9   
1579   9   
1580   9   
1588   9   
1589   9   
1590   11  
1591   11  
1598   11  
1599   11  
1600   11  
1601   11  
1602   11  
1603   11  
1604   11  
1605   11  
1608   11  
1609   11  
1610   11  
1611   11  
1612   11  
1613   11  
1618   11  
1619   11  
1620   9   
1622   9   
1623   9   
1624   9   
1625   9   
1628   9   
1629   9   
1630   9   
1631   9   
1638   9   
1639   9   
1640   11  
1641   11  
1642   11  
1643   11  
1648   11  
1649   11  
1650   11  
1658   11  
1659   11  
1700   10  
1701   10  
1702   10  
1703   10  
1704   10  
1705   10  
1706   10  
1707   10  
1708   10  
1709   10  
1710   10  
1712   10  
1713   10  
1714   10  
1715   10  
1716   10  
1717   10  
1718   10  
1719   10  
1720   12  
1721   12  
1722   12  
1723   12  
1724   12  
1725   12  
1726   12  
1727   12  
1728   12  
1729   12  
1740   12  
1741   12  
1742   12  
1743   12  
1744   12  
1745   12  
1746   12  
1748   12  
1749   12  
1750   12  
1759   12  
1760   10  
1761   10  
1762   10  
1763   10  
1764   10  
1765   10  
1768   10  
1769   10  
179    12  
1800   11  
1801   11  
1808   11  
1809   11  
181    10  
1820   12  
1821   12  
1828   12  
1830   10  
1832   10  
1833   10  
1834   10  
1835   10  
1838   10  
1839   10  
1840   11  
1841   11  
1842   11  
1843   11  
1844   11  
1848   11  
1849   11  
185    12  
1860   12  
1869   12  
1871   12  
1872   12  
1873   12  
1874   12  
1875   12  
1876   12  
1877   12  
1878   12  
1879   12  
1880   11  
1881   11  
1882   11  
1883   11  
1884   11  
1885   11  
1886   11  
1887   11  
1888   11  
1889   11  
1890   11  
1891   11  
1892   11  
1893   11  
1894   11  
1898   11  
1899   11  
1900   12  
1901   12  
1902   12  
1903   12  
1904   12  
1905   12  
1906   12  
1907   12  
1908   12  
1909   12  
1910   10  
1911   10  
1912   10  
1913   10  
1914   10  
1915   10  
1916   10  
1917   10  
1918   10  
1919   10  
1920   10  
1921   10  
1922   10  
1923   10  
1928   10  
1929   10  
193    12  
1940   10  
1941   12  
1943   10  
1944   10  
1945   12  
1946   12  
1948   12  
1949   12  
1950   12  
1951   12  
1952   12  
1953   12  
1954   12  
1955   12  
1958   12  
1960   8   
1961   8   
1962   8   
1963   10  
1965   8   
1966   8   
1968   8   
1969   10  
1970   8   
1971   8   
1972   8   
1973   8   
1974   8   
1975   8   
1976   8   
1977   8   
1978   8   
1980   8   
1981   8   
1982   10  
1983   8   
1984   8   
1985   8   
1986   8   
1987   8   
19881  10  
19882  10  
19889  8   
1990   8   
1991   12  
1992   12  
20000  10  
20001  10  
20002  10  
20003  10  
20004  10  
20005  10  
20006  10  
20007  10  
20008  10  
20010  10  
20011  10  
20012  10  
20013  10  
20014  10  
20015  10  
20016  10  
20017  10  
20018  10  
20020  10  
20021  10  
20022  10  
20023  10  
20024  10  
20025  10  
20026  10  
20027  10  
20028  10  
20030  10  
20031  10  
20032  10  
20033  10  
20034  10  
20035  10  
20036  10  
20037  10  
20038  10  
20040  10  
20041  10  
20042  10  
20043  10  
20044  10  
20045  10  
20046  10  
20047  10  
20048  10  
20050  10  
20051  10  
20052  10  
20053  10  
20054  10  
20055  10  
20056  10  
20057  10  
20058  10  
20060  10  
20061  10  
20062  10  
20063  10  
20064  10  
20065  10  
20066  10  
20067  10  
20068  10  
20070  10  
20071  10  
20072  10  
20073  10  
20074  10  
20075  10  
20076  10  
20077  10  
20078  10  
20080  10  
20081  10  
20082  10  
20083  10  
20084  10  
20085  10  
20086  10  
20087  10  
20088  10  
20100  10  
20101  10  
20102  10  
20103  10  
20104  10  
20105  10  
20106  10  
20107  10  
20108  10  
20110  10  
20111  10  
20112  10  
20113  10  
20114  10  
20115  10  
20116  10  
20117  10  
20118  10  
20120  10  
20121  10  
20122  10  
20123  10  
20124  10  
20125  10  
20126  10  
20127  10  
20128  10  
20140  10  
20141  10  
20142  10  
20143  10  
20144  10  
20145  10  
20146  10  
20147  10  
20148  10  
20150  10  
20151  10  
20152  10  
20153  10  
20154  10  
20155  10  
20156  10  
20157  10  
20158  10  
20160  10  
20161  10  
20162  10  
20163  10  
20164  10  
20165  10  
20166  10  
20167  10  
20168  10  
20170  10  
20171  10  
20172  10  
20173  10  
20174  10  
20175  10  
20176  10  
20177  10  
20178  10  
20190  10  
20191  10  
20192  10  
20193  10  
20194  10  
20195  10  
20196  10  
20197  10  
20198  10  
20200  10  
20201  10  
20202  10  
20203  10  
20204  10  
20205  10  
20206  10  
20207  10  
20208  10  
20210  10  
20211  10  
20212  10  
20213  10  
20214  10  
20215  10  
20216  10  
20217  10  
20218  10  
20220  10  
20221  10  
20222  10  
20223  10  
20224  10  
20225  10  
20226  10  
20227  10  
20228  10  
20230  10  
20231  10  
20232  10  
20233  10  
20234  10  
20235  10  
20236  10  
20237  10  
20238  10  
20240  10  
20241  10  
20242  10  
20243  10  
20244  10  
20245  10  
20246  10  
20247  10  
20248  10  
20250  10  
20251  10  
20252  10  
20253  10  
20254  10  
20255  10  
20256  10  
20257  10  
20258  10  
20260  10  
20261  10  
20262  10  
20263  10  
20264  10  
20265  10  
20266  10  
20267  10  
20268  10  
20270  10  
20271  10  
20272  10  
20273  10  
20274  10  
20275  10  
20276  10  
20277  10  
20278  10  
20280  10  
20281  10  
20282  10  
20283  10  
20284  10  
20285  10  
20286  10  
20287  10  
20288  10  
20290  10  
20291  10  
20292  10  
20293  10  
20294  10  
20295  10  
20296  10  
20297  10  
20298  10  
20300  9   
20301  9   
20302  9   
20310  9   
20311  9   
20312  9   
20380  9   
20381  9   
20382  9   
20400  8   
20401  8   
20402  8   
20410  10  
20411  10  
20412  10  
20420  10  
20421  10  
20422  10  
20480  10  
20481  10  
20482  10  
20490  10  
20491  10  
20492  10  
20500  8   
20501  8   
20502  8   
20510  9   
20511  9   
20512  9   
20520  9   
20521  9   
20522  9   
20530  9   
20531  9   
20532  9   
20580  9   
20581  9   
20582  9   
20590  9   
20591  9   
20592  9   
20600  8   
20601  8   
20602  8   
20610  9   
20611  9   
20612  9   
20620  9   
20621  9   
20622  9   
20680  9   
20681  9   
20682  9   
20690  9   
20691  9   
20692  9   
20700  8   
20701  8   
20702  8   
20710  9   
20711  9   
20712  9   
20720  9   
20721  9   
20722  9   
20780  9   
20781  9   
20782  9   
20800  8   
20801  8   
20802  8   
20810  10  
20811  10  
20812  10  
20820  10  
20821  10  
20822  10  
20880  10  
20881  10  
20882  10  
20890  10  
20891  10  
20892  10  
20900  12  
20901  12  
20902  12  
20903  12  
20910  12  
20911  12  
20912  12  
20913  12  
20914  12  
20915  12  
20916  12  
20917  12  
20920  12  
20921  12  
20922  12  
20923  12  
20924  12  
20925  12  
20926  12  
20927  12  
20929  12  
20930  12  
20931  12  
20932  12  
20933  12  
20934  12  
20935  12  
20936  12  
20970  8   
20971  8   
20972  8   
20973  8   
20974  8   
20975  8   
20979  8   
2250   12  
2251   12  
2252   12  
2253   12  
2254   12  
2258   12  
2259   12  
2273   12  
2274   12  
22802  12  
2370   12  
2371   12  
2373   12  
2375   12  
2376   12  
23770  12  
23771  12  
23772  12  
23773  12  
23779  12  
2379   12  
2384   48  
23871  48  
23872  46  
23873  46  
23874  46  
23875  46  
23876  46  
23877  48  
23879  48  
2396   12  
24900  19  
24901  19  
24910  17  
24911  17  
24920  17  
24921  17  
24930  17  
24931  17  
24940  18  
24941  18  
24950  18  
24951  18  
24960  18  
24961  18  
24970  18  
24971  18  
24980  18  
24981  18  
24990  18  
24991  18  
25000  19  
25001  19  
25002  19  
25003  19  
25010  17  
25011  17  
25012  17  
25013  17  
25020  17  
25021  17  
25022  17  
25023  17  
25030  17  
25031  17  
25032  17  
25033  17  
25040  18  
25041  18  
25042  18  
25043  18  
25050  18  
25051  18  
25052  18  
25053  18  
25060  18  
25061  18  
25062  18  
25063  18  
25070  18  
25071  18  
25072  18  
25073  18  
25080  18  
25081  18  
25082  18  
25083  18  
25090  18  
25091  18  
25092  18  
25093  18  
2510   23  
25200  23  
25201  23  
25202  23  
25208  23  
2521   23  
2528   23  
2529   23  
2530   23  
2531   23  
2532   23  
2533   23  
2534   23  
2535   23  
2536   23  
2537   23  
2538   23  
2539   23  
2540   23  
2541   23  
2548   23  
2549   23  
2550   23  
25510  23  
25511  23  
25512  23  
25513  23  
25514  23  
2552   23  
2553   23  
25541  23  
25542  23  
2555   23  
2556   23  
2558   23  
2559   23  
25801  23  
25802  23  
25803  23  
2581   23  
2588   23  
2589   23  
2592   12  
260    21  
261    21  
262    21  
2630   21  
2631   21  
2632   21  
2638   21  
2639   21  
2700   23  
2701   23  
2702   23  
2703   23  
2704   23  
2705   23  
2706   23  
2707   23  
2708   23  
2709   23  
2710   23  
2711   23  
2714   23  
2718   23  
2719   23  
2727   23  
2732   23  
2733   23  
2734   23  
27501  23  
27700  110 
27701  110 
27702  110 
27703  110 
27709  110 
2771   23  
2772   23  
27730  23  
27731  23  
27739  23  
2775   23  
2776   23  
27781  23  
27782  23  
27783  23  
27784  23  
27785  23  
27786  23  
27787  23  
27789  23  
27801  22  
27803  22  
27900  47  
27901  47  
27902  47  
27903  47  
27904  47  
27905  47  
27906  47  
27909  47  
27910  47  
27911  47  
27912  47  
27913  47  
27919  47  
2792   47  
2793   47  
27941  47  
27949  47  
27950  47  
27951  47  
27952  47  
27953  47  
2798   47  
2799   47  
2820   48  
2821   48  
2822   48  
2823   48  
28241  46  
28242  46  
28243  48  
28244  48  
28245  48  
28247  48  
28249  48  
2825   48  
28260  46  
28261  46  
28262  46  
28263  46  
28264  46  
28268  46  
28269  46  
2827   48  
2828   48  
2829   48  
2830   46  
28310  46  
28311  46  
28319  46  
2832   46  
2839   46  
28401  46  
28409  46  
28411  47  
28412  47  
28419  47  
2842   46  
28481  46  
28489  46  
2849   46  
2850   48  
2860   46  
2861   46  
2862   48  
2863   48  
2864   48  
28652  48  
28653  48  
28659  48  
2866   48  
2867   48  
2869   48  
2870   48  
2871   48  
2872   48  
28730  48  
28731  48  
28732  48  
28733  48  
28739  48  
2875   48  
2878   48  
2879   48  
28800  47  
28801  47  
28802  47  
28803  47  
28804  47  
28809  47  
2881   47  
2882   47  
2884   47  
28952  46  
28981  48  
28982  48  
28983  46  
28984  48  
2910   54  
2911   54  
2912   54  
2913   54  
2914   54  
2915   54  
29181  54  
29182  54  
29189  54  
2919   54  
2920   54  
29211  54  
29212  54  
2922   54  
29281  54  
29282  54  
29283  54  
29284  54  
29285  54  
29289  54  
2929   54  
29500  57  
29501  57  
29502  57  
29503  57  
29504  57  
29505  57  
29510  57  
29511  57  
29512  57  
29513  57  
29514  57  
29515  57  
29520  57  
29521  57  
29522  57  
29523  57  
29524  57  
29525  57  
29530  57  
29531  57  
29532  57  
29533  57  
29534  57  
29535  57  
29540  57  
29541  57  
29542  57  
29543  57  
29544  57  
29545  57  
29550  57  
29551  57  
29552  57  
29553  57  
29554  57  
29555  57  
29560  57  
29561  57  
29562  57  
29563  57  
29564  57  
29565  57  
29570  57  
29571  57  
29572  57  
29573  57  
29574  57  
29575  57  
29580  57  
29581  57  
29582  57  
29583  57  
29584  57  
29585  57  
29590  57  
29591  57  
29592  57  
29593  57  
29594  57  
29595  57  
29600  58  
29601  58  
29602  58  
29603  58  
29604  58  
29605  58  
29606  58  
29610  58  
29611  58  
29612  58  
29613  58  
29614  58  
29615  58  
29616  58  
29620  58  
29621  58  
29622  58  
29623  58  
29624  58  
29625  58  
29626  58  
29630  58  
29631  58  
29632  58  
29633  58  
29634  58  
29635  58  
29636  58  
29640  58  
29641  58  
29642  58  
29643  58  
29644  58  
29645  58  
29646  58  
29650  58  
29651  58  
29652  58  
29653  58  
29654  58  
29655  58  
29656  58  
29660  58  
29661  58  
29662  58  
29663  58  
29664  58  
29665  58  
29666  58  
2967   58  
29680  58  
29681  58  
29682  58  
29689  58  
29690  58  
29699  58  
2970   58  
2971   58  
2972   58  
2973   58  
2978   58  
2979   58  
30300  55  
30301  55  
30302  55  
30303  55  
30390  55  
30391  55  
30392  55  
30393  55  
30400  55  
30401  55  
30402  55  
30403  55  
30410  55  
30411  55  
30412  55  
30413  55  
30420  55  
30421  55  
30422  55  
30423  55  
30430  55  
30431  55  
30432  55  
30433  55  
30440  55  
30441  55  
30442  55  
30443  55  
30450  55  
30451  55  
30452  55  
30453  55  
30460  55  
30461  55  
30462  55  
30463  55  
30470  55  
30471  55  
30472  55  
30473  55  
30480  55  
30481  55  
30482  55  
30483  55  
30490  55  
30491  55  
30492  55  
30493  55  
3210   6   
32302  72  
32342  72  
32352  72  
32363  72  
32372  72  
32382  72  
3320   78  
3321   78  
3330   78  
3334   78  
33371  74  
3340   72  
3341   72  
3342   72  
3343   72  
3344   72  
3348   72  
3349   72  
3350   72  
33510  72  
33511  72  
33519  72  
33520  73  
33521  73  
33522  73  
33523  73  
33524  73  
33529  73  
3358   72  
3359   72  
3360   72  
3361   72  
3362   72  
3363   72  
3368   72  
3369   72  
340    77  
3410   77  
3411   77  
34120  72  
34121  72  
34122  72  
3418   77  
3419   77  
34200  103 
34201  103 
34202  103 
34210  103 
34211  103 
34212  103 
34280  103 
34281  103 
34282  103 
34290  103 
34291  103 
34292  103 
3430   74  
3431   74  
3432   74  
3433   74  
3434   74  
3438   74  
3439   74  
34400  70  
34401  70  
34402  70  
34403  70  
34404  70  
34409  70  
3441   71  
3442   104 
34430  104 
34431  104 
34432  104 
34440  104 
34441  104 
34442  104 
3445   104 
34460  72  
34461  72  
34481  104 
34489  104 
3449   104 
34500  79  
34501  79  
34510  79  
34511  79  
3452   79  
3453   79  
34540  79  
34541  79  
34550  79  
34551  79  
34560  79  
34561  79  
34570  79  
34571  79  
34580  79  
34581  79  
34590  79  
34591  79  
3481   80  
3484   80  
3485   80  
3491   176 
3536   189 
3570   75  
3571   75  
3572   18  
3573   75  
3574   75  
3575   75  
3576   75  
3577   75  
35781  75  
35782  75  
35789  75  
3579   75  
35800  75  
35801  75  
3581   75  
3582   75  
35830  75  
35831  75  
35839  75  
3588   75  
3589   75  
3590   76  
3591   76  
35921  76  
36201  18  
36202  122 
36203  18  
36204  18  
36205  18  
36206  18  
36207  18  
36252  124 
36641  18  
37923  122 
39891  85  
40201  85  
40211  85  
40291  85  
40301  136 
40311  136 
40391  136 
40401  85  
40402  136 
40403  136 
40411  85  
40412  136 
40413  136 
40491  85  
40492  136 
40493  136 
41000  87  
41001  86  
41002  87  
41010  87  
41011  86  
41012  87  
41020  87  
41021  86  
41022  87  
41030  87  
41031  86  
41032  87  
41040  87  
41041  86  
41042  87  
41050  87  
41051  86  
41052  87  
41060  87  
41061  86  
41062  87  
41070  87  
41071  86  
41072  87  
41080  87  
41081  86  
41082  87  
41090  87  
41091  86  
41092  87  
4110   87  
4111   87  
41181  87  
41189  87  
4130   88  
4131   88  
4139   88  
4150   85  
41511  107 
41512  107 
41513  107 
41519  107 
4160   85  
4161   85  
4162   107 
4168   85  
4169   85  
4170   85  
4171   85  
4178   85  
4179   85  
4250   85  
42511  85  
42518  85  
4252   85  
4253   85  
4254   85  
4255   85  
4257   85  
4258   85  
4259   85  
4260   96  
4270   96  
4271   96  
4272   96  
42731  96  
42732  96  
42741  84  
42742  84  
4275   84  
42781  96  
4280   85  
4281   85  
42820  85  
42821  85  
42822  85  
42823  85  
42830  85  
42831  85  
42832  85  
42833  85  
42840  85  
42841  85  
42842  85  
42843  85  
4289   85  
4290   85  
4291   85  
4295   86  
4296   86  
430    99  
431    99  
4320   99  
4321   99  
4329   99  
43301  100 
43311  100 
43321  100 
43331  100 
43381  100 
43391  100 
43401  100 
43411  100 
43491  100 
436    100 
43820  103 
43821  103 
43822  103 
43830  104 
43831  104 
43832  104 
43840  104 
43841  104 
43842  104 
43850  104 
43851  104 
43852  104 
43853  104 
4400   108 
4401   108 
44020  108 
44021  108 
44022  108 
44023  106 
44024  106 
44029  108 
44030  108 
44031  108 
44032  108 
4404   108 
44100  107 
44101  107 
44102  107 
44103  107 
4411   107 
4412   108 
4413   107 
4414   108 
4415   107 
4416   107 
4417   108 
4419   108 
4420   108 
4421   108 
4422   108 
4423   108 
44281  108 
44282  108 
44283  108 
44284  108 
44289  108 
4429   108 
4431   108 
44321  107 
44322  107 
44323  107 
44324  107 
44329  107 
44381  108 
44382  108 
44389  108 
4439   108 
44401  107 
44409  107 
4441   107 
44421  107 
44422  107 
44481  107 
44489  107 
4449   107 
44501  107 
44502  107 
44581  107 
44589  107 
4460   40  
4461   40  
44620  40  
44621  40  
44629  40  
4463   40  
4464   40  
4465   40  
4466   40  
4467   40  
4470   108 
4471   108 
4472   108 
4473   108 
4474   108 
4475   108 
4476   108 
44770  108 
44771  108 
44772  108 
44773  108 
4478   108 
4479   108 
4480   108 
449    107 
45111  108 
45119  108 
45181  108 
45183  108 
4530   108 
4532   108 
4533   108 
45340  108 
45341  108 
45342  108 
45350  108 
45351  108 
45352  108 
45372  108 
45374  108 
45375  108 
45376  108 
45377  108 
45382  108 
45384  108 
45385  108 
45386  108 
45387  108 
4540   107 
4542   107 
4560   27  
4561   27  
45620  27  
45621  27  
45911  107 
45913  107 
45931  107 
45933  107 
481    115 
4820   114 
4821   114 
4822   115 
48230  115 
48231  115 
48232  115 
48239  115 
48240  114 
48241  114 
48242  114 
48249  114 
48281  114 
48282  114 
48283  114 
48284  114 
48289  114 
4841   6   
4846   6   
4847   115 
4910   111 
4911   111 
49120  111 
49121  111 
49122  111 
4918   111 
4919   111 
4920   111 
4928   111 
49320  111 
49321  111 
49322  111 
4940   112 
4941   112 
4950   112 
4951   112 
4952   112 
4953   112 
4954   112 
4955   112 
4956   112 
4957   112 
4958   112 
4959   112 
496    111 
500    112 
501    112 
502    112 
503    112 
504    112 
505    112 
5060   112 
5061   112 
5062   112 
5063   112 
5064   112 
5069   112 
5070   114 
5071   114 
5078   114 
5080   112 
5081   112 
5082   112 
5088   112 
5089   112 
5100   115 
5109   115 
5130   115 
5131   115 
515    112 
5160   112 
5161   112 
5162   112 
51630  112 
51631  112 
51632  112 
51633  112 
51634  112 
51635  112 
51636  112 
51637  112 
5164   112 
5165   112 
51661  112 
51662  112 
51663  112 
51664  112 
51669  112 
5168   112 
5169   112 
5171   112 
5172   112 
5173   46  
5178   112 
5181   111 
5182   111 
5183   112 
5184   84  
51851  84  
51852  84  
51853  84  
5186   112 
51881  84  
51882  84  
51883  84  
51884  84  
51900  82  
51901  82  
51902  82  
51909  82  
53086  188 
53087  188 
53110  33  
53111  33  
53120  33  
53121  33  
53150  33  
53151  33  
53160  33  
53161  33  
53210  33  
53211  33  
53220  33  
53221  33  
53250  33  
53251  33  
53260  33  
53261  33  
53310  33  
53311  33  
53320  33  
53321  33  
53350  33  
53351  33  
53360  33  
53361  33  
53410  33  
53411  33  
53420  33  
53421  33  
53450  33  
53451  33  
53460  33  
53461  33  
53640  188 
53641  188 
53642  188 
53649  188 
5550   35  
5551   35  
5552   35  
5559   35  
5560   35  
5561   35  
5562   35  
5563   35  
5564   35  
5565   35  
5566   35  
5568   35  
5569   35  
5570   107 
5571   108 
5579   108 
5600   33  
5601   33  
5602   33  
56030  33  
56031  33  
56032  33  
56039  33  
56081  33  
56089  33  
5609   33  
5670   33  
5671   33  
56721  33  
56722  33  
56723  33  
56729  33  
56731  33  
56738  33  
56739  33  
56781  33  
56782  33  
56789  33  
5679   33  
56960  188 
56961  188 
56962  188 
56969  188 
56971  188 
56979  188 
56983  33  
5712   28  
5713   28  
57140  29  
57141  29  
57142  29  
57149  29  
5715   28  
5716   28  
5722   27  
5723   27  
5724   27  
5728   27  
5735   27  
5771   34  
5845   135 
5846   135 
5847   135 
5848   135 
5849   135 
5854   137 
5855   136 
5856   136 
5881   23  
58881  23  
59381  107 
59681  176 
59682  176 
59683  176 
62931  176 
69513  162 
69514  162 
69515  162 
6960   40  
70710  161 
70711  161 
70712  161 
70713  161 
70714  161 
70715  161 
70719  161 
70723  158 
70724  157 
70725  158 
7078   161 
7079   161 
7100   40  
7101   40  
7102   40  
7103   40  
7104   40  
7105   40  
7108   40  
7109   40  
71100  39  
71101  39  
71102  39  
71103  39  
71104  39  
71105  39  
71106  39  
71107  39  
71108  39  
71109  39  
71110  40  
71111  40  
71112  40  
71113  40  
71114  40  
71115  40  
71116  40  
71117  40  
71118  40  
71119  40  
71120  40  
71121  40  
71122  40  
71123  40  
71124  40  
71125  40  
71126  40  
71127  40  
71128  40  
71129  40  
71130  39  
71131  39  
71132  39  
71133  39  
71134  39  
71135  39  
71136  39  
71137  39  
71138  39  
71139  39  
71140  39  
71141  39  
71142  39  
71143  39  
71144  39  
71145  39  
71146  39  
71147  39  
71148  39  
71149  39  
71150  39  
71151  39  
71152  39  
71153  39  
71154  39  
71155  39  
71156  39  
71157  39  
71158  39  
71159  39  
71160  39  
71161  39  
71162  39  
71163  39  
71164  39  
71165  39  
71166  39  
71167  39  
71168  39  
71169  39  
71170  39  
71171  39  
71172  39  
71173  39  
71174  39  
71175  39  
71176  39  
71177  39  
71178  39  
71179  39  
71180  39  
71181  39  
71182  39  
71183  39  
71184  39  
71185  39  
71186  39  
71187  39  
71188  39  
71189  39  
71190  39  
71191  39  
71192  39  
71193  39  
71194  39  
71195  39  
71196  39  
71197  39  
71198  39  
71199  39  
7140   40  
7141   40  
7142   40  
71430  40  
71431  40  
71432  40  
71433  40  
7144   40  
71481  40  
71489  40  
7149   40  
7200   40  
7201   40  
7202   40  
72081  40  
72089  40  
7209   40  
725    40  
72886  39  
73000  39  
73001  39  
73002  39  
73003  39  
73004  39  
73005  39  
73006  39  
73007  39  
73008  39  
73009  39  
73010  39  
73011  39  
73012  39  
73013  39  
73014  39  
73015  39  
73016  39  
73017  39  
73018  39  
73019  39  
73020  39  
73021  39  
73022  39  
73023  39  
73024  39  
73025  39  
73026  39  
73027  39  
73028  39  
73029  39  
73030  39  
73031  39  
73032  39  
73033  39  
73034  39  
73035  39  
73036  39  
73037  39  
73038  39  
73039  39  
73070  39  
73071  39  
73072  39  
73073  39  
73074  39  
73075  39  
73076  39  
73077  39  
73078  39  
73079  39  
73080  39  
73081  39  
73082  39  
73083  39  
73084  39  
73085  39  
73086  39  
73087  39  
73088  39  
73089  39  
73090  39  
73091  39  
73092  39  
73093  39  
73094  39  
73095  39  
73096  39  
73097  39  
73098  39  
73099  39  
73313  169 
73314  170 
73315  170 
73340  39  
73341  39  
73342  39  
73343  39  
73344  39  
73345  39  
73349  39  
7400   72  
7401   72  
7402   72  
74100  72  
74101  72  
74102  72  
74103  72  
74190  72  
74191  72  
74192  72  
74193  72  
7420   72  
7421   72  
7422   72  
7423   72  
7424   72  
74251  72  
74253  72  
74259  72  
7428   72  
7429   72  
7595   12  
7596   12  
77181  2   
78001  80  
78003  80  
78031  79  
78032  79  
78033  79  
78039  79  
78072  70  
7854   106 
78550  84  
78551  84  
78552  2   
78559  2   
7980   84  
7981   84  
7982   84  
7989   84  
7991   83  
7994   21  
80000  167 
80001  167 
80002  167 
80003  166 
80004  166 
80005  166 
80006  167 
80009  167 
80010  167 
80011  167 
80012  167 
80013  166 
80014  166 
80015  166 
80016  167 
80019  167 
80020  167 
80021  167 
80022  167 
80023  166 
80024  166 
80025  166 
80026  167 
80029  167 
80030  167 
80031  167 
80032  167 
80033  166 
80034  166 
80035  166 
80036  167 
80039  167 
80040  167 
80041  167 
80042  167 
80043  166 
80044  166 
80045  166 
80046  167 
80049  167 
80050  167 
80051  167 
80052  167 
80053  166 
80054  166 
80055  166 
80056  167 
80059  167 
80060  167 
80061  167 
80062  167 
80063  166 
80064  166 
80065  166 
80066  167 
80069  167 
80070  167 
80071  167 
80072  167 
80073  166 
80074  166 
80075  166 
80076  167 
80079  167 
80080  167 
80081  167 
80082  167 
80083  166 
80084  166 
80085  166 
80086  167 
80089  167 
80090  167 
80091  167 
80092  167 
80093  166 
80094  166 
80095  166 
80096  167 
80099  167 
80100  167 
80101  167 
80102  167 
80103  166 
80104  166 
80105  166 
80106  167 
80109  167 
80110  167 
80111  167 
80112  167 
80113  166 
80114  166 
80115  166 
80116  167 
80119  167 
80120  167 
80121  167 
80122  167 
80123  166 
80124  166 
80125  166 
80126  167 
80129  167 
80130  167 
80131  167 
80132  167 
80133  166 
80134  166 
80135  166 
80136  167 
80139  167 
80140  167 
80141  167 
80142  167 
80143  166 
80144  166 
80145  166 
80146  167 
80149  167 
80150  167 
80151  167 
80152  167 
80153  166 
80154  166 
80155  166 
80156  167 
80159  167 
80160  167 
80161  167 
80162  167 
80163  166 
80164  166 
80165  166 
80166  167 
80169  167 
80170  167 
80171  167 
80172  167 
80173  166 
80174  166 
80175  166 
80176  167 
80179  167 
80180  167 
80181  167 
80182  167 
80183  166 
80184  166 
80185  166 
80186  167 
80189  167 
80190  167 
80191  167 
80192  167 
80193  166 
80194  166 
80195  166 
80196  167 
80199  167 
80220  167 
80221  167 
80222  167 
80223  167 
80224  167 
80225  167 
80226  167 
80227  167 
80228  167 
80229  167 
80230  167 
80231  167 
80232  167 
80233  167 
80234  167 
80235  167 
80236  167 
80237  167 
80238  167 
80239  167 
8024   167 
8025   167 
8026   167 
8027   167 
8028   167 
8029   167 
80300  167 
80301  167 
80302  167 
80303  166 
80304  166 
80305  166 
80306  167 
80309  167 
80310  167 
80311  167 
80312  167 
80313  166 
80314  166 
80315  166 
80316  167 
80319  167 
80320  167 
80321  167 
80322  167 
80323  166 
80324  166 
80325  166 
80326  167 
80329  167 
80330  167 
80331  167 
80332  167 
80333  166 
80334  166 
80335  166 
80336  167 
80339  167 
80340  167 
80341  167 
80342  167 
80343  166 
80344  166 
80345  166 
80346  167 
80349  167 
80350  167 
80351  167 
80352  167 
80353  166 
80354  166 
80355  166 
80356  167 
80359  167 
80360  167 
80361  167 
80362  167 
80363  166 
80364  166 
80365  166 
80366  167 
80369  167 
80370  167 
80371  167 
80372  167 
80373  166 
80374  166 
80375  166 
80376  167 
80379  167 
80380  167 
80381  167 
80382  167 
80383  166 
80384  166 
80385  166 
80386  167 
80389  167 
80390  167 
80391  167 
80392  167 
80393  166 
80394  166 
80395  166 
80396  167 
80399  167 
80400  167 
80401  167 
80402  167 
80403  166 
80404  166 
80405  166 
80406  167 
80409  167 
80410  167 
80411  167 
80412  167 
80413  166 
80414  166 
80415  166 
80416  167 
80419  167 
80420  167 
80421  167 
80422  167 
80423  166 
80424  166 
80425  166 
80426  167 
80429  167 
80430  167 
80431  167 
80432  167 
80433  166 
80434  166 
80435  166 
80436  167 
80439  167 
80440  167 
80441  167 
80442  167 
80443  166 
80444  166 
80445  166 
80446  167 
80449  167 
80450  167 
80451  167 
80452  167 
80453  166 
80454  166 
80455  166 
80456  167 
80459  167 
80460  167 
80461  167 
80462  167 
80463  166 
80464  166 
80465  166 
80466  167 
80469  167 
80470  167 
80471  167 
80472  167 
80473  166 
80474  166 
80475  166 
80476  167 
80479  167 
80480  167 
80481  167 
80482  167 
80483  166 
80484  166 
80485  166 
80486  167 
80489  167 
80490  167 
80491  167 
80492  167 
80493  166 
80494  166 
80495  166 
80496  167 
80499  167 
80500  169 
80501  169 
80502  169 
80503  169 
80504  169 
80505  169 
80506  169 
80507  169 
80508  169 
80510  169 
80511  169 
80512  169 
80513  169 
80514  169 
80515  169 
80516  169 
80517  169 
80518  169 
8052   169 
8053   169 
8054   169 
8055   169 
8056   169 
8057   169 
8058   169 
8059   169 
80600  72  
80601  70  
80602  72  
80603  72  
80604  72  
80605  72  
80606  70  
80607  72  
80608  72  
80609  72  
80610  72  
80611  70  
80612  72  
80613  72  
80614  72  
80615  72  
80616  70  
80617  72  
80618  72  
80619  72  
80620  72  
80621  71  
80622  72  
80623  72  
80624  72  
80625  72  
80626  71  
80627  72  
80628  72  
80629  72  
80630  72  
80631  71  
80632  72  
80633  72  
80634  72  
80635  72  
80636  71  
80637  72  
80638  72  
80639  72  
8064   72  
8065   72  
80660  72  
80661  72  
80662  72  
80669  72  
80670  72  
80671  72  
80672  72  
80679  72  
8068   72  
8069   72  
8080   170 
8081   170 
8082   170 
8083   170 
80841  170 
80842  170 
80843  170 
80844  170 
80849  170 
80851  170 
80852  170 
80853  170 
80854  170 
80859  170 
8088   170 
8089   170 
82000  170 
82001  170 
82002  170 
82003  170 
82009  170 
82010  170 
82011  170 
82012  170 
82013  170 
82019  170 
82020  170 
82021  170 
82022  170 
82030  170 
82031  170 
82032  170 
8208   170 
8209   170 
82100  170 
82101  170 
82110  170 
82111  170 
82120  170 
82121  170 
82122  170 
82123  170 
82129  170 
82130  170 
82131  170 
82132  170 
82133  170 
82139  170 
83500  170 
83501  170 
83502  170 
83503  170 
83510  170 
83511  170 
83512  170 
83513  170 
8502   167 
8503   167 
8504   167 
85100  167 
85101  167 
85102  167 
85103  166 
85104  166 
85105  166 
85106  167 
85109  167 
85110  167 
85111  167 
85112  167 
85113  166 
85114  166 
85115  166 
85116  167 
85119  167 
85120  167 
85121  167 
85122  167 
85123  166 
85124  166 
85125  166 
85126  167 
85129  167 
85130  167 
85131  167 
85132  167 
85133  166 
85134  166 
85135  166 
85136  167 
85139  167 
85140  167 
85141  167 
85142  167 
85143  166 
85144  166 
85145  166 
85146  167 
85149  167 
85150  167 
85151  167 
85152  167 
85153  166 
85154  166 
85155  166 
85156  167 
85159  167 
85160  167 
85161  167 
85162  167 
85163  166 
85164  166 
85165  166 
85166  167 
85169  167 
85170  167 
85171  167 
85172  167 
85173  166 
85174  166 
85175  166 
85176  167 
85179  167 
85180  167 
85181  167 
85182  167 
85183  166 
85184  166 
85185  166 
85186  167 
85189  167 
85190  167 
85191  167 
85192  167 
85193  166 
85194  166 
85195  166 
85196  167 
85199  167 
85200  167 
85201  167 
85202  167 
85203  166 
85204  166 
85205  166 
85206  167 
85209  167 
85210  167 
85211  167 
85212  167 
85213  166 
85214  166 
85215  166 
85216  167 
85219  167 
85220  167 
85221  167 
85222  167 
85223  166 
85224  166 
85225  166 
85226  167 
85229  167 
85230  167 
85231  167 
85232  167 
85233  166 
85234  166 
85235  166 
85236  167 
85239  167 
85240  167 
85241  167 
85242  167 
85243  166 
85244  166 
85245  166 
85246  167 
85249  167 
85250  167 
85251  167 
85252  167 
85253  166 
85254  166 
85255  166 
85256  167 
85259  167 
85300  167 
85301  167 
85302  167 
85303  166 
85304  166 
85305  166 
85306  167 
85309  167 
85310  167 
85311  167 
85312  167 
85313  166 
85314  166 
85315  166 
85316  167 
85319  167 
85400  167 
85401  167 
85402  167 
85403  166 
85404  166 
85405  166 
85406  167 
85409  167 
85410  167 
85411  167 
85412  167 
85413  166 
85414  166 
85415  166 
85416  167 
85419  167 
8870   173 
8871   173 
8872   173 
8873   173 
8874   173 
8875   173 
8876   173 
8877   173 
8950   173 
8951   173 
8960   173 
8961   173 
8962   173 
8963   173 
8970   173 
8971   173 
8972   173 
8973   173 
8974   173 
8975   173 
8976   173 
8977   173 
9050   167 
9059   189 
9070   167 
9072   72  
94811  162 
94821  162 
94822  162 
94831  162 
94832  162 
94833  162 
94841  162 
94842  162 
94843  162 
94844  162 
94851  162 
94852  162 
94853  162 
94854  162 
94855  162 
94861  162 
94862  162 
94863  162 
94864  162 
94865  162 
94866  162 
94871  162 
94872  162 
94873  162 
94874  162 
94875  162 
94876  162 
94877  162 
94881  162 
94882  162 
94883  162 
94884  162 
94885  162 
94886  162 
94887  162 
94888  162 
94891  162 
94892  162 
94893  162 
94894  162 
94895  162 
94896  162 
94897  162 
94898  162 
94899  162 
95200  72  
95201  70  
95202  72  
95203  72  
95204  72  
95205  72  
95206  70  
95207  72  
95208  72  
95209  72  
95210  72  
95211  71  
95212  72  
95213  72  
95214  72  
95215  72  
95216  71  
95217  72  
95218  72  
95219  72  
9522   72  
9523   72  
9524   72  
9528   72  
9529   72  
9580   173 
9581   173 
9582   173 
9583   173 
9584   173 
9585   173 
9586   173 
9587   173 
9588   173 
95890  173 
95891  173 
95892  173 
95893  173 
95899  173 
99590  2   
99591  2   
99592  2   
99593  2   
99594  2   
9961   176 
9962   176 
99630  176 
99631  176 
99639  176 
99640  176 
99641  176 
99642  176 
99643  176 
99644  176 
99645  176 
99646  176 
99647  176 
99649  176 
99656  134 
99660  176 
99661  176 
99662  176 
99663  176 
99664  176 
99665  176 
99666  176 
99667  176 
99668  134 
99669  176 
99673  134 
99674  176 
99675  176 
99676  176 
99677  176 
99678  176 
99682  186 
99683  186 
99684  186 
99685  186 
99686  186 
99687  186 
99688  186 
99690  173 
99691  173 
99692  173 
99693  173 
99694  173 
99695  173 
99696  173 
99699  173 
99702  100 
99731  114 
99760  189 
99761  189 
99762  189 
99769  189 
99801  84  
99802  2   
E9500  58  
E9501  58  
E9502  58  
E9503  58  
E9504  58  
E9505  58  
E9506  58  
E9507  58  
E9508  58  
E9509  58  
E9510  58  
E9511  58  
E9518  58  
E9520  58  
E9521  58  
E9528  58  
E9529  58  
E9530  58  
E9531  58  
E9538  58  
E9539  58  
E954   58  
E9550  58  
E9551  58  
E9552  58  
E9553  58  
E9554  58  
E9555  58  
E9556  58  
E9557  58  
E9559  58  
E956   58  
E9570  58  
E9571  58  
E9572  58  
E9579  58  
E9580  58  
E9581  58  
E9582  58  
E9583  58  
E9584  58  
E9585  58  
E9586  58  
E9587  58  
E9588  58  
E9589  58  
E959   58  
V08    1   
V421   186 
V426   186 
V427   186 
V4281  186 
V4282  186 
V4283  186 
V4284  186 
V4321  186 
V4322  186 
V440   82  
V441   188 
V442   188 
V443   188 
V444   188 
V4450  188 
V4451  188 
V4452  188 
V4459  188 
V446   188 
V448   188 
V449   188 
V4511  134 
V4512  134 
V4611  82  
V4612  82  
V4613  82  
V4614  82  
V4970  189 
V4971  189 
V4972  189 
V4973  189 
V4974  189 
V4975  189 
V4976  189 
V4977  189 
V521   189 
V550   82  
V551   188 
V552   188 
V553   188 
V554   188 
V555   188 
V556   188 
V558   188 
V559   188 
V560   134 
V561   134 
V562   134 
V5631  134 
V5632  134 
V568   134 
V5867  19  
V8541  22  
V8542  22  
V8543  22  
V8544  22  
V8545  22  
